10611330
10361796
10671348
10700454
10560462
10627262
10296330
10419016
10534528
10202744
10646457
10379578
10268016
10204864
10411422
10264920
10426300
10268264
10383474
10837702
10297742
10456252
10371486
10333764
10354902
10385236
10289054
10179290
10364566
10404076
10464628
10731642
10985854
10257128
10220450
10230824
10268722
10325646
10814426
10320850
10240428
10951030
10472396
10348550
10823904
10775806
10134770
10213160
10316802
10388046
10222966
10332602
10156914
10551077
10729270
10414822
10264492
10272280
10220322
10436364
10333450
10457198
10237588
10270684
10262198
10788920
10538200
10286044
10522008
10193576
10282298
10450188
10748180
10441630
10284108
10390994
10496150
10357660
10281240
10429764
10208596
10525130
10587526
10232198
10311034
10274534
10254758
10231796
10344770
10408820
10336594
10317378
10259986
10235382
10357760
10338524
10852210
10750082
10284868
10177176
