2378588
2707116
2586960
2637540
2534286
2584530
2545652
2741598
2536880
2783583
2640042
2530580
2568064
2529058
2675118
2558070
2852306
2668742
2712440
3041226
2614792
2823762
2947480
2579658
2769946
2705496
2600270
2635128
2686226
2649346
2610330
2592392
2632570
2794032
2528180
2616218
2691544
2599528
2555194
2660174
2658938
2528146
2576490
2557556
2533616
2539602
2634770
2587866
2719698
2555680
2582726
2744124
2700242
2740508
2983410
2962442
2646142
2634554
2660870
2645228
2595520
2623572
2598104
2619210
2609186
2615224
2595558
2593160
2607816
2600320
2595050
2588516
2556612
2615882
2682124
2746588
2794364
2795400
2642306
2708128
2718742
2859466
2597806
2655728
2596454
2596476
2647668
2596198
2588302
10592668
2595730
2551072
2527954
2527076
2655180
2604680
2695440
2532100
2671140
2571776
