1846990
1955006
2295848
1884756
1854218
1900946
1850890
1864360
1816176
2029324
1898924
1812938
1897536
1938352
1909706
1982576
1821316
1949093
1847456
1870932
1842312
1944246
1798740
1880606
2347010
3475308
2282857
2242446
2988731
2825518
2771774
2528286
2839496
2084090
1890684
1968502
1850288
1988024
1883564
1888150
1898084
1780120
2066508
2107700
2156406
1980786
2195056
2085626
2130834
2129524
2052784
1907584
1863890
1987668
1927976
2098406
3313753
2103072
2013746
3001741
2538552
2315146
1957808
1867840
1848656
2375494
1845594
1886672
2161549
1837562
1908398
2231460
2022792
2768202
2644833
2327406
2902777
3179832
2505336
2067990
2139890
1890468
1922168
1870576
1849920
1859778
1889828
1910020
2197350
1811140
2038776
2007266
1807536
2157624
1939866
2000032
2350210
2045796
1831718
2450199
