1755648
1967054
1818576
1903450
1992704
2108102
1895664
1848030
1807658
1851916
1959890
1869672
1820056
1769094
1960650
1771866
1751548
1746596
1745140
1818692
1762844
1801760
1785264
1747046
2049596
1839772
1917238
1880716
1878504
1920049
1896390
1951954
1809528
1840432
1801864
1831752
1844746
1811602
1852612
1915490
1797326
1844982
1852046
1794402
1997864
1820496
1785430
2073452
1896348
1985636
1882710
1792872
1847780
1825680
1781810
1821572
1802806
1833574
1879668
1819056
1848708
1922998
1797386
1840060
1829980
1818012
1837794
1816702
1835766
1852114
1823514
2089736
1809630
1892968
1843826
1869630
1812072
1826156
1844814
1976162
1832316
1856528
1859142
1871812
1817514
1789742
1887704
1784274
1789070
1794420
1776168
1900574
2193762
1895530
1806714
1818422
1836260
1830302
1874254
2051154
