2085040
1791898
1844808
1745256
2140422
1736146
1785014
1746598
1739588
1858672
1739630
1762686
1747034
1728836
1756948
1764700
1747426
1692764
1780902
1742018
1712378
1736504
1730694
1737834
1708588
1751280
1785374
1714842
1735694
1698108
1768370
1712626
1754848
1702164
1701258
1833210
1696888
1769466
1721330
1707176
1714770
1704666
1702064
1715842
1915002
1723428
1932982
2043582
1729740
1727508
1754576
1737006
1843896
1698772
1715828
1745902
1702324
1852500
1704276
1728840
1702934
1758066
1847916
1764354
1867182
1709408
1942302
1698964
1726312
1717246
1723174
1702600
1706486
1699728
1705210
2070258
2158726
1789730
1719698
1795190
1982554
1821722
1959440
1706026
1822778
1766588
1725812
1904196
1822044
1807446
2139136
2387518
1702448
9896054
1820830
1829704
1738936
1736346
1731580
2090484
