10357370
9923947
10517612
10686188
10511776
10220674
10601862
10149092
10450746
10188046
10336114
10285004
10273718
10301974
10298752
10389224
10618242
10465297
10367712
10309838
10238252
10238424
10323322
11758376
10617042
10384014
10587482
10218730
10212106
10719164
10243468
10799512
10252806
10497444
10297554
10370924
10334244
11206018
10248510
10242824
10160530
10302280
10250638
10386862
10359076
10240930
10264038
10360300
10217788
10271248
10253032
10133854
10100330
10278182
10409456
10526894
10249740
10183796
10273266
10379402
10346688
10162830
10191018
10458510
10333338
10798500
10647356
10451682
10423440
10322754
10484682
10381080
10333756
10174722
10797890
10205948
10284630
10144908
10209410
10433604
10176806
10784560
10241088
10194830
10280938
10288622
10300820
10139698
10318844
10444050
10118060
10027792
10440594
10152226
10288754
10151470
10362338
10318676
10473644
10867714
