5950406
5734104
6899676
6417434
6200964
6185334
6245228
6327452
6190322
6069172
6202834
6331010
6177006
6283284
6087934
6151300
6184608
6179608
6342784
6185402
6181174
6225254
6118614
6142228
6073780
6098532
6160248
6211738
6336584
6153412
6360662
6226678
6096918
6113166
6127398
6246874
6488584
6098182
6275912
6121242
6136952
6190794
6296038
6373968
6195220
6254546
6120548
6067908
6260546
6241332
6110968
6146446
6128488
6033510
6172932
6139382
6228794
6130614
6136510
6091716
6054366
6142948
6033684
6094962
6295166
6098834
6439539
6087864
6123650
6279406
6171968
6138782
6184110
6117794
6182646
6155980
6209946
6039256
6230628
6090548
6180356
6098040
6067842
6147784
6317686
6156686
6116712
5966310
6071134
6236316
6337862
6117616
6098829
6159962
6254466
6813192
6090076
6085118
6247396
6159102
