2422412
2389150
2570166
3065142
2811902
2683754
2735528
2637158
2645190
2659494
2573680
2597918
2573632
2619108
2633214
2523576
2546424
2582082
2560974
2547022
2600212
2908534
2586334
2588524
2607786
2589310
2630446
2628886
2660406
2618046
2612852
2585508
2638568
2580584
2639080
2708740
2536126
2773846
2691398
2656960
2665690
2589200
2566980
2568272
2581802
2704404
2623870
2644030
2693076
2552958
2764538
3091766
2574798
2527122
2674152
2612924
2575102
2707060
2700632
2572356
2530884
2556220
2614956
2610234
2699528
2569524
2529310
2656054
2608794
2569298
3003082
3032912
2542174
2524734
2825650
2612900
2646720
2777181
2571892
2732562
2667264
2593678
2672578
2603654
2561002
2552160
2626324
2533260
2664382
2599172
2684052
2596860
2642446
2640174
2846530
2637720
2648704
2586456
2637166
3097696
