1699946
1615212
1851898
1950916
1525748
1613562
1523360
1546128
1595932
1679121
1530356
1688616
1531878
1544638
1529508
1525646
1525826
1632086
1645258
1524198
1612386
1575330
1522678
1554042
1585456
1560676
1581118
1574418
1527404
1615664
1618376
1551546
1564014
1625640
1603286
1584762
1543636
1673917
1533980
1530266
1564026
2058230
1618690
1589648
1631578
1696718
1553520
1524134
1630690
1559186
1522792
1541132
1610924
1529510
1575716
1630094
1524236
1692374
1545648
1535140
1516544
1707938
1525040
1527530
1522120
1600458
1575790
1615980
1560956
1549264
1625638
1592026
1665600
1729982
1526108
1552456
1615838
1525624
1553840
1773796
1593012
1627282
1556338
1587540
1620470
6495026
1601640
1527470
1533518
1601404
1517836
1548130
1523602
1611792
1583048
1528970
1546718
1547976
1615466
1584302
