1587130
1547518
1912508
1675590
1639090
1548028
1600500
1551188
1547616
1804884
1578144
1549066
2184658
1593606
1571898
1571844
1560174
1553816
1542912
1714556
1557830
1671984
1548670
1549334
1548316
1583448
1541238
1722596
1989770
1615814
1668338
1639992
1586162
1590896
1550014
1547632
1547772
1541490
1569976
1573842
1589480
1544130
1552682
1899438
1737704
1584272
1577718
1571370
1550084
1603922
1547996
1568216
1555606
1531096
1570410
1610700
1546370
1549458
1993522
1552994
1567234
1589046
1545714
1664012
1542958
1577634
1599400
1574586
1690418
1586034
1544524
1550412
1603429
1599004
1585692
1760402
1546150
1568358
1603322
1570030
1565848
1702306
1553804
1592752
1759548
1549156
1757180
1688854
1586034
1662062
1515696
1567838
1569924
1643336
1574258
1588078
1587936
1568866
1578950
1555732
