1705142
1693692
1925392
1760826
2110078
1675324
1644860
1609270
1654054
1935896
1607130
1645372
1639954
1622896
1614842
1613986
1615740
1654168
1619212
1572962
1714526
1676772
1645226
1569538
1706260
1731692
1836748
1602308
1969032
1582014
1619156
1648170
1574798
1649638
1567718
1595418
1680506
1611312
1593604
1638182
1605922
1736302
1564824
1611146
1580720
1974716
1569458
1674106
1964824
1569830
1661502
1622436
1601990
1529666
1556600
1668046
1665064
1551626
2095832
1630288
1570600
1569040
2012384
1771070
1707336
1564568
1791952
1698134
1583338
1565886
1568202
1676918
1574032
1565346
1571030
1569512
1620678
1601828
1626254
1574416
1592542
1599484
1673800
1573388
1566798
1569576
1647140
1610182
1600790
1601594
1588064
1573278
1692208
1637026
1558048
1581078
1653686
1632414
1605030
1568338
